L     :   8
rhub  :   0.00000001
hx    :   0.001
beta  :   10
js    :  -1
mu    :  -1.11856
muA   :   0.0
muB   :   0.0
llocal        : T
nsw_stglobal  : 1
nsweep   :  100
nbin     :  1
xmag     :  0.0
flux_x   :  0.0
flux_y   :  0.0
lsstau   : F
ltau     : T
ltauall  : T
nwrap    : 30
nuse     : 0
dtau     : 0.05
